-39.347055291325525 -0.0017296497757418937
-34.12149603972664 -0.0017296497757418937
-29.45595089451662 0.0017283243736150704
-24.603257813319104 0.010380549458705762
-19.937855638266427 0.031141648376117288
-14.712153416510205 0.09169529535260997
-10.046608271300173 0.20934063894985744
-4.634472964343246 0.411765329601001
0.5906573767835539 0.6539772667027177
5.256774402623023 0.8477497322687704
10.108895603191087 0.9377167032477655
15.521030910148014 0.9775092513068465
20.559585195916767 0.9913491003170362
