-99.81342394464195 0.9723163257732396
-94.77429777824375 0.9619357763145339
-89.92231954783306 0.9532848766315701
-85.25677440262302 0.9411746773971222
-80.77780531277105 0.9290644781626747
-74.99251789509803 0.8927352058614584
-70.51354880524606 0.8512130080266352
-65.2878465834898 0.7387552883544868
-59.502559165816784 0.5778541209402933
-54.83701402060677 0.40138345474016823
-50.17089699476729 0.2491331870089386
-44.572185632452324 0.15397859210484469
-38.97347427013734 0.10726346873641474
-34.868086201473545 0.06228329675223473
-29.82896003507534 0.053631071667143884
-25.349990945223368 0.039792548059081154
-20.310864778825163 0.022489423291026597
-14.525577361152145 0.020761098917411524
